0 738 199 269 833 922 1026 758 919 809 174 1177
738 0 749 491 95 908 1012 744 415 795 912 1163
199 749 0 468 844 1121 1225 957 930 1008 315 1376
269 491 468 0 586 653 757 489 672 540 421 908
833 95 844 586 0 867 971 703 374 754 1007 1122
922 908 1121 653 867 0 802 518 493 183 924 521
1026 1012 1225 757 971 802 0 284 971 619 910 281
758 744 957 489 703 518 284 0 687 335 642 419
919 415 930 672 374 493 971 687 0 380 1093 748
809 795 1008 540 754 183 619 335 380 0 741 368
174 912 315 421 1007 924 910 642 1093 741 0 1061
1177 1163 1376 908 1122 521 281 419 748 368 1061 0
