0 357 209 151 618 266 575 518 528 457 773 819
357 0 439 277 261 279 408 266 691 277 445 544
209 439 0 344 676 458 753 488 319 624 768 764
151 277 344 0 529 116 425 502 661 309 721 801
618 261 676 529 0 500 468 284 878 386 249 415
266 279 458 116 500 0 312 536 772 207 718 823
575 408 753 425 468 312 0 654 1054 136 717 876
518 266 488 502 284 536 654 0 619 532 282 302
528 691 319 661 878 772 1054 619 0 921 886 810
457 277 624 309 386 207 136 532 921 0 632 775
773 445 768 721 249 718 717 282 886 632 0 191
819 544 764 801 415 823 876 302 810 775 191 0
