0 387 311 792 818 543 197 1036 936 802 752 272
387 0 214 405 721 610 306 649 549 705 849 443
311 214 0 585 507 824 508 829 729 491 1063 263
792 405 585 0 1040 291 711 244 716 1024 530 848
818 721 507 1040 0 1331 1015 1070 324 136 1570 744
543 610 824 291 1331 0 462 493 1007 1315 239 785
197 306 508 711 1015 462 0 955 855 999 555 469
1036 649 829 244 1070 493 955 0 746 1054 588 1092
936 549 729 716 324 1007 855 746 0 384 1246 992
802 705 491 1024 136 1315 999 1054 384 0 1554 608
752 849 1063 530 1570 239 555 588 1246 1554 0 1024
272 443 263 848 744 785 469 1092 992 608 1024 0
