0 568 695 384 302 771 790 565 319 223 667 253
568 0 393 765 726 757 698 842 563 639 701 633
695 393 0 674 681 416 332 655 845 629 402 602
384 765 674 0 85 526 591 195 703 165 424 147
302 726 681 85 0 584 639 279 621 94 479 93
771 757 416 526 584 0 106 391 1034 592 107 554
790 698 332 591 639 106 0 479 1031 633 172 596
565 842 655 195 279 391 479 0 880 342 308 312
319 563 845 703 621 1034 1031 880 0 540 937 567
223 639 629 165 94 592 633 342 540 0 485 38
667 701 402 424 479 107 172 308 937 485 0 448
253 633 602 147 93 554 596 312 567 38 448 0
