0 718 397 447 810 220 323 585 229 317 581 395
718 0 560 402 309 528 767 357 680 771 517 395
397 560 0 551 792 220 670 259 198 667 739 179
447 402 551 0 373 371 376 529 541 381 190 392
810 309 792 373 0 682 727 643 855 734 358 613
220 528 220 371 682 0 453 366 175 450 550 176
323 767 670 376 727 453 0 781 542 9 397 593
585 357 259 529 643 366 781 0 441 781 710 194
229 680 198 541 855 175 542 441 0 537 714 290
317 771 667 381 734 450 9 781 537 0 405 592
581 517 739 190 358 550 397 710 714 405 0 582
395 395 179 392 613 176 593 194 290 592 582 0
