0 292 148 68 124 206 1113 630 577 503 1129 1368
292 0 144 338 416 112 1405 922 869 795 1421 1660
148 144 0 194 272 256 1261 778 725 651 1277 1516
68 338 194 0 136 252 1067 584 531 511 1083 1322
124 416 272 136 0 330 989 506 453 379 1005 1244
206 112 256 252 330 0 1319 836 783 709 1335 1574
1113 1405 1261 1067 989 1319 0 483 536 610 490 255
630 922 778 584 506 836 483 0 201 367 499 738
577 869 725 531 453 783 536 201 0 166 552 791
503 795 651 511 379 709 610 367 166 0 652 865
1129 1421 1277 1083 1005 1335 490 499 552 652 0 269
1368 1660 1516 1322 1244 1574 255 738 791 865 269 0
