0 631 308 657 602 453 582 259 98 401 704 620
631 0 733 922 1233 1084 507 890 729 1032 1087 237
308 733 0 847 574 725 684 175 322 525 1012 518
657 922 847 0 1259 1110 415 916 755 1058 171 1159
602 1233 574 1259 0 151 1184 399 504 201 1088 1018
453 1084 725 1110 151 0 1035 550 403 200 939 1037
582 507 684 415 1184 1035 0 841 680 983 580 744
259 890 175 916 399 550 841 0 161 350 837 675
98 729 322 755 504 403 680 161 0 303 690 634
401 1032 525 1058 201 200 983 350 303 0 887 837
704 1087 1012 171 1088 939 580 837 690 887 0 1324
620 237 518 1159 1018 1037 744 675 634 837 1324 0
