0 1193 739 896 1399 1023 1826 1293 661 897 89 786
1193 0 454 737 446 170 633 724 532 296 1110 573
739 454 0 411 660 284 1087 554 78 434 656 899
896 737 411 0 503 651 930 397 447 845 813 1310
1399 446 660 503 0 376 427 278 738 554 1316 1019
1023 170 284 651 376 0 803 638 362 194 940 659
1826 633 1087 930 427 803 0 533 1165 929 1743 1040
1293 724 554 397 278 638 533 0 632 832 1210 1297
661 532 78 447 738 362 1165 632 0 398 578 863
897 296 434 845 554 194 929 832 398 0 814 465
89 1110 656 813 1316 940 1743 1210 578 814 0 855
786 573 899 1310 1019 659 1040 1297 863 465 855 0
