0 783 552 783 234 1000 393 1036 554 69 122 463
783 0 570 463 672 233 441 771 230 754 829 356
552 570 0 270 638 793 545 484 461 486 505 525
783 463 270 0 810 644 649 327 477 723 758 596
234 672 638 810 0 861 233 1107 447 272 353 317
1000 233 793 644 861 0 630 914 447 976 1055 548
393 441 545 649 233 630 0 967 222 392 480 84
1036 771 484 327 1107 914 967 0 804 970 981 920
554 230 461 477 447 447 222 804 0 529 608 142
69 754 486 723 272 976 392 970 529 0 89 453
122 829 505 758 353 1055 480 981 608 89 0 539
463 356 525 596 317 548 84 920 142 453 539 0
