0 387 625 631 226 718 336 642 662 168 84 465
387 0 592 514 510 951 644 413 441 552 319 850
625 592 0 136 851 560 533 316 304 674 558 875
631 514 136 0 851 690 611 182 168 712 554 945
226 510 851 851 0 892 502 842 864 268 297 471
718 951 560 690 892 0 391 854 848 625 713 608
336 644 533 611 502 391 0 712 720 237 351 342
642 413 316 182 842 854 712 0 28 759 559 1024
662 441 304 168 864 848 720 28 0 774 578 1036
168 552 674 712 268 625 237 759 774 0 235 298
84 319 558 554 297 713 351 559 578 235 0 532
465 850 875 945 471 608 342 1024 1036 298 532 0
