0 793 366 598 609 693 560 18 546 415 503 540
793 0 1159 1391 1402 112 587 809 1339 716 1296 879
366 1159 0 232 651 1059 670 350 180 443 635 304
598 1391 232 0 801 1291 902 582 322 675 785 512
609 1402 651 801 0 1302 975 593 479 830 106 955
693 112 1059 1291 1302 0 699 709 1239 616 1196 779
560 587 670 902 975 699 0 542 850 227 959 390
18 809 350 582 593 709 542 0 530 397 487 522
546 1339 180 322 479 1239 850 530 0 623 463 476
415 716 443 675 830 616 227 397 623 0 814 163
503 1296 635 785 106 1196 959 487 463 814 0 939
540 879 304 512 955 779 390 522 476 163 939 0
