0 1101 1375 1514 809 1030 1415 900 1395 305 290 1398
1101 0 936 663 1244 245 578 249 294 802 811 313
1375 936 0 273 566 691 358 1185 942 1076 1085 623
1514 663 273 0 705 484 99 912 669 1215 1224 350
809 1244 566 705 0 999 666 1493 1250 1070 885 931
1030 245 691 484 999 0 385 494 365 731 740 368
1415 578 358 99 666 385 0 827 584 1116 1125 265
900 249 1185 912 1493 494 827 0 495 601 610 562
1395 294 942 669 1250 365 584 495 0 1096 1105 319
305 802 1076 1215 1070 731 1116 601 1096 0 185 1099
290 811 1085 1224 885 740 1125 610 1105 185 0 1108
1398 313 623 350 931 368 265 562 319 1099 1108 0
