0 828 1110 277 900 136 1084 281 1266 1252 1033 793
828 0 286 553 434 726 340 561 534 482 605 294
1110 286 0 837 494 1011 315 847 441 356 714 499
277 553 837 0 686 180 812 49 998 979 810 533
900 434 494 686 0 855 736 722 909 834 1039 716
136 726 1011 180 855 0 962 165 1140 1130 897 665
1084 340 315 812 736 962 0 804 196 168 412 314
281 561 847 49 722 165 804 0 986 972 778 515
1266 534 441 998 909 1140 196 986 0 92 438 477
1252 482 356 979 834 1130 168 972 92 0 501 479
1033 605 714 810 1039 897 412 778 438 501 0 337
793 294 499 533 716 665 314 515 477 479 337 0
